Input:
99
3526880221343678
9792654187897877
9544447682580768
9061163903842421
2415241609649152
340412713443379
3605654389028294
9932013424078718
3489905112006168
4713706975569769
2575740437852429
5621364941837443
6983584491953782
2532429995598372
4778406920750600
8537394196057564
2655953380172011
4897151332665216
2406462746315006
6449834421952055
7737496334257746
569492283925448
68136479459953
4014792892056155
9038615792630802
7083283083739205
7762691822731097
9839958453569071
4098139305347800
1366777909549755
8299948941894999
9509146397971860
2504005651071238
4562851411682347
6712074741103450
1291432702864983
2642750505153654
4781302407157361
8684723942267771
7147668844977855
7777131835105450
5774491900282776
5383894247110913
2937766382156279
5112688371089748
8102568332202049
7559202504047901
9318191739425270
3096249886497127
8539840391231409
6081432343791722
926302171685971
4016409380508086
5731341578514456
635548476012226
6488081650234577
4457109645795915
7581734185835801
9015499544524949
812782091813919
9332900804439233
9633777837927433
8664928175307464
9130836424581877
6397425217719357
2473855113987463
1245495717245304
1475965427736748
6863614889719539
7630816793610335
7305854867293929
4523712414955975
3742083704667629
9002409904551884
4859366186917712
9790782712766741
5972054617530857
1640794917578156
6676772792016727
2900458148501965
3072468325843617
5463784813260498
2102609365563169
5604850413634023
9385311066364332
1914480691235393
8641200681983653
836805833154179
6027648445780625
8610549749903371
1284505660414491
9081250561778577
8924016026547181
2101573055147367
777938810171821
6835355226392660
8162782390082327
5256676078025636
9779381525228667

Output 1 (E:\Code\CP\Tasks\CPP\a.cpp):
2 1
19 1
103 1
901093567027 1
1948789 1
5024994593 1
2 5
3 1
595967 1
166823549 1
7 1
733 1
1163 1
1518456157 1
2 10
271 1
8703447913 1
340412713443379 1
2 1
4231 1
426099549637 1
2 1
7 1
19 1
37338396331123 1
2 3
3 2
1879 1
25796117261 1
577 1
8169336179497 1
3461 1
515843 1
1442723 1
53 1
191783 1
553039057 1
2 1
9749 1
358169273359 1
2 2
3 1
17 1
373 1
31357 1
1061363 1
2 3
5 2
23892034603753 1
2 2
2134348549014391 1
51427 1
51645115993 1
2 7
3 1
12752998262149 1
2 1
569 1
3607 1
6263 1
93607 1
5 1
53 1
179 1
135972054853 1
2 1
3 1
7 1
239 1
281 1
2743133507 1
2 3
13 1
313 1
17494847749 1
59 1
281423 1
4103629 1
5 1
11 1
1091 1
36067 1
1855093 1
2 1
3 1
7 1
23 1
37 1
263 1
4153 1
231529 1
5 1
7 1
97 1
149 1
283 1
2963 1
16699 1
7 2
19 1
31 1
491833 1
546869 1
17 1
269 1
2151751247227 1
2 3
5 2
2932999 1
6986261 1
3 2
5 1
29 1
53 1
163 1
121233869 1
3 1
353567 1
7824965699 1
2 2
3 1
5 1
19 1
605009 1
13787161 1
2 1
17 1
1259 1
58496604473 1
7 1
23 1
487 1
58194439421 1
2 1
5 2
181 1
741665717249 1
3 1
7 1
41 1
1499921838403 1
2 1
3 1
7 4
17 1
10791053177 1
21737 1
261467 1
841259 1
23 1
103 1
1907 1
1922384537 1
3 1
5 1
29 1
1543 1
10649010131 1
2 1
5 2
155542636702109 1
2 3
3 1
11 2
83 1
127663 1
187661 1
1499 1
3591657269587 1
641 1
4583098880119 1
2 2
3 1
426057364257479 1
8102568332202049 1
3 1
7 1
37 1
181 1
53749742273 1
2 1
5 1
13 1
71678397995579 1
7877 1
393074760251 1
3 1
13 1
17 1
43 1
8839 1
33889459 1
2 1
157 1
19367618929273 1
19 1
1409 1
34600955201 1
2 1
29 1
69248437594967 1
2 3
3 1
2661661 1
89720629 1
2 1
7 3
211 1
419 1
10479199 1
6488081650234577 1
3 2
5 1
19 1
124433 1
41893981 1
19 1
399038641359779 1
7 1
61 1
1973 1
10701258019 1
3 1
359 1
20113 1
37521619 1
7 1
1637 1
814460319787 1
9633777837927433 1
2 3
47 1
199 1
121727 1
951343 1
23 1
193 1
39041 1
52687123 1
3 1
83 1
173 1
179 1
3391 1
244669 1
196477 1
12591067219 1
2 3
3 2
7 1
421 1
16703 1
351427 1
2 2
13 1
31 1
79 1
60737 1
190823 1
3 1
7 1
326838804272359 1
5 1
13 1
83 1
709 1
6637 1
300581 1
3 1
61 1
1427 1
18539 1
1509071 1
5 2
73 1
181 1
37951 1
360853 1
151553 1
24691584493 1
2 2
2250602476137971 1
2 4
12379 1
24534323183 1
7 1
89 1
661 1
2339 1
10164773 1
53 1
223 1
505292716603 1
2 2
99487 1
4123138997 1
67 1
99653325253981 1
5 1
67 1
8658084025379 1
3 1
47 1
21790555502437 1
2 1
3 1
27689 1
32887818347 1
17 1
123682903856657 1
3 2
193 1
3226741746479 1
2 2
3 2
11 1
401 1
1481 1
39907457 1
84857 1
22561258249 1
7 2
541 1
325972337017 1
7 3
937 1
2603700269 1
5 4
53 1
179719 1
1012507 1
8610549749903371 1
3 1
1877 1
3733 1
61107217 1
3 1
7 1
13 1
19 1
29 1
61 1
173 1
5720783 1
7 1
19 1
37 1
67 1
27066504583 1
3 1
700524351715789 1
853 1
912003294457 1
2 2
5 1
11 1
373 1
487 1
907 1
188579 1
7 1
563 1
2071246483147 1
2 2
11 1
119469910864219 1
3 1
11 1
151 1
1962548971549 1

Output 2 (E:\Code\CP\Tasks\CPP\b.cpp):
2 1
19 1
103 1
901093567027 1
1948789 1
5024994593 1
2 5
3 1
595967 1
166823549 1
7 1
733 1
1163 1
1518456157 1
2 10
271 1
8703447913 1
340412713443379 1
2 1
4231 1
426099549637 1
2 1
7 1
19 1
37338396331123 1
2 3
3 2
1879 1
25796117261 1
577 1
8169336179497 1
3461 1
515843 1
1442723 1
53 1
191783 1
553039057 1
2 1
9749 1
358169273359 1
2 2
3 1
17 1
373 1
31357 1
1061363 1
2 3
5 2
23892034603753 1
2 2
2134348549014391 1
51427 1
51645115993 1
2 7
3 1
12752998262149 1
2 1
569 1
3607 1
6263 1
93607 1
5 1
53 1
179 1
135972054853 1
2 1
3 1
7 1
239 1
281 1
2743133507 1
2 3
13 1
313 1
17494847749 1
59 1
281423 1
4103629 1
5 1
11 1
1091 1
36067 1
1855093 1
2 1
3 1
7 1
23 1
37 1
263 1
4153 1
231529 1
5 1
7 1
97 1
149 1
283 1
2963 1
16699 1
7 2
19 1
31 1
491833 1
546869 1
17 1
269 1
2151751247227 1
2 3
5 2
2932999 1
6986261 1
3 2
5 1
29 1
53 1
163 1
121233869 1
3 1
353567 1
7824965699 1
2 2
3 1
5 1
19 1
605009 1
13787161 1
2 1
17 1
1259 1
58496604473 1
7 1
23 1
487 1
58194439421 1
2 1
5 2
181 1
741665717249 1
3 1
7 1
41 1
1499921838403 1
2 1
3 1
7 4
17 1
10791053177 1
21737 1
261467 1
841259 1
23 1
103 1
1907 1
1922384537 1
3 1
5 1
29 1
1543 1
10649010131 1
2 1
5 2
155542636702109 1
2 3
3 1
11 2
83 1
127663 1
187661 1
1499 1
3591657269587 1
641 1
4583098880119 1
2 2
3 1
426057364257479 1
8102568332202049 1
3 1
7 1
37 1
181 1
53749742273 1
2 1
5 1
13 1
71678397995579 1
7877 1
393074760251 1
3 1
13 1
17 1
43 1
8839 1
33889459 1
2 1
157 1
19367618929273 1
19 1
1409 1
34600955201 1
2 1
29 1
69248437594967 1
2 3
3 1
2661661 1
89720629 1
2 1
7 3
211 1
419 1
10479199 1
6488081650234577 1
3 2
5 1
19 1
124433 1
41893981 1
19 1
399038641359779 1
7 1
61 1
1973 1
10701258019 1
3 1
359 1
20113 1
37521619 1
7 1
1637 1
814460319787 1
9633777837927433 1
2 3
47 1
199 1
121727 1
951343 1
23 1
193 1
39041 1
52687123 1
3 1
83 1
173 1
179 1
3391 1
244669 1
196477 1
12591067219 1
2 3
3 2
7 1
421 1
16703 1
351427 1
2 2
13 1
31 1
79 1
60737 1
190823 1
3 1
7 1
326838804272359 1
5 1
13 1
83 1
709 1
6637 1
300581 1
3 1
61 1
1427 1
18539 1
1509071 1
5 2
73 1
181 1
37951 1
360853 1
151553 1
24691584493 1
2 2
2250602476137971 1
2 4
12379 1
24534323183 1
7 1
89 1
661 1
2339 1
10164773 1
53 1
223 1
505292716603 1
2 2
99487 1
4123138997 1
67 1
99653325253981 1
5 1
67 1
8658084025379 1
3 1
47 1
21790555502437 1
2 1
3 1
27689 1
32887818347 1
17 1
123682903856657 1
3 2
193 1
3226741746479 1
2 2
3 2
11 1
401 1
1481 1
39907457 1
84857 1
22561258249 1
7 2
541 1
325972337017 1
7 3
937 1
2603700269 1
5 4
53 1
179719 1
1012507 1
8610549749903371 1
3 1
1877 1
3733 1
61107217 1
3 1
7 1
13 1
19 1
29 1
61 1
173 1
5720783 1
7 1
19 1
37 1
67 1
27066504583 1

